0.05961
0.02112
0.15300
0.29530
0.12126
0.15749
0.41059
0.34780
0.23298
0.38689
0.29737
0.32689
0.44009
0.20812
0.25565
0.41827
0.38538
0.56380
0.43422
0.38865
0.74674
0.55425
0.59763
0.42441
0.53355
0.61331
0.46063
0.64022
0.51710
0.54587
0.49808
0.77971
0.54076
0.39826
0.60461
0.33813
0.48650
0.20126
0.25030
0.40494
0.44006
0.34075
0.27378
0.21787
0.04191
0.09741
0.09226
0.23754
0.11464
-0.17574
0.03700
-0.08580
-0.15838
-0.04099
-0.02747
-0.07563
-0.32354
-0.29452
-0.25122
-0.20631
-0.41200
-0.40650
-0.54519
-0.58255
-0.36634
-0.32410
-0.51657
-0.40657
-0.50059
-0.63623
-0.52808
-0.39725
-0.59417
-0.40785
-0.91335
-0.50137
-0.58818
-0.63078
-0.57780
-0.81891
-0.59605
-0.51388
-0.36422
-0.58646
-0.60191
-0.54373
-0.35038
-0.39568
-0.47187
-0.31827
-0.33827
-0.20235
-0.37025
-0.29161
-0.26463
-0.35762
-0.11017
-0.07750
-0.07092
-0.06210
-0.16607
-0.00900
0.03789
0.01997
0.13366
0.23766
0.45093
0.28006
0.32352
0.31603
0.12577
0.38249
0.42103
0.73588
0.44195
0.52413
0.50476
0.38766
0.68192
0.64974
0.66694
0.47314
0.75855
0.42761
0.66951
0.86284
0.47963
0.52669
0.60041
0.51950
0.38302
0.56425
0.41328
0.58018
0.39354
0.66839
0.36503
0.39518
0.50454
0.23069
0.37568
0.47385
0.09145
0.27273
0.24700
0.27402
-0.00456
-0.05148
0.13229
0.06770
0.02440
-0.00179
-0.16249
-0.09022
-0.11967
-0.27669
-0.00244
-0.20396
-0.43722
-0.24776
-0.47450
-0.29267
-0.27613
-0.54005
-0.35062
-0.43951
-0.41128
-0.30118
-0.57501
-0.65063
-0.67933
-0.68062
-0.59981
-0.55511
-0.56599
-0.50070
-0.59680
-0.41997
-0.61984
-0.25301
-0.49342
-0.65817
-0.66844
-0.46453
-0.52966
-0.39559
-0.40101
-0.44126
-0.50714
-0.55871
-0.40043
-0.21262
-0.25699
-0.39835
-0.19327
-0.13216
-0.24810
-0.08667
-0.06080
-0.16733
0.05048
0.11254
0.21272
0.24640
-0.00866
0.08021
0.28989
0.32417
0.35771
0.79046
0.42756
0.52482
0.53100
0.52101
0.42958
0.58121
0.41818
0.50126
0.48810
0.57068
0.85090
0.35910
0.67324
0.40274
0.54266
0.73061
0.60593
0.46481
0.50186
0.66049
0.48025
0.58057
0.54458
0.44330
0.75908
0.55622
0.21356
0.45358
0.32472
0.47775
0.25020
0.30001
0.34161
0.35103
0.06825
0.13646
0.08321
0.02486
0.27776
0.07689
-0.16074
0.06302
0.17003
0.00210
-0.34080
-0.25265
-0.07780
-0.34913
-0.24429
-0.23675
-0.47179
-0.39713
-0.80683
-0.56704
-0.49890
-0.64095
-0.31601
-0.70218
-0.59993
-0.54583
-0.40075
-0.75591
-0.45163
-0.59524
-0.71716
-0.54446
-0.57418
-0.66589
-0.57894
-0.62468
-0.55366
-0.47442
-0.34796
-0.66909
-0.24481
-0.71326
-0.47357
-0.35930
-0.36902
-0.44871
-0.36873
-0.37133
-0.35007
-0.14347
-0.16768
-0.25794
-0.03042
-0.06452
0.03351
0.04915
-0.08816
-0.01822
0.17617
0.19688
0.15779
0.21040
0.38489
0.19491
0.36483
0.30702
0.33595
0.52328
0.51828
0.54300
0.62643
0.49482
0.59472
0.49421
0.58680
0.54657
0.58589
0.65546
0.49334
0.84776
0.47874
0.45417
0.73689
0.68860
0.66182
0.65334
0.56519
0.44548
0.54654
0.43836
0.61675
0.46023
0.35506
0.39001
0.45089
0.30486
0.24354
0.33980
0.30707
0.18286
0.15223
0.20083
-0.03724
-0.06936
-0.02406
-0.00109
0.02410
0.12616
0.01456
-0.14468
-0.16440
-0.31841
-0.23553
-0.30223
-0.26209
-0.43212
-0.30125
-0.20892
-0.43363
-0.39844
-0.38812
-0.54152
-0.48697
-0.53080
-0.53694
-0.65560
-0.57185
-0.52471
-0.41770
-0.48176
-0.34115
-0.69191
-0.49308
-0.57132
-0.32376
-0.67442
-0.66681
-0.62434
-0.79147
-0.58176
-0.58978
-0.45868
-0.41188
-0.20211
-0.28588
-0.44026
-0.44847
-0.24991
-0.43443
-0.02220
-0.06545
-0.22748
-0.34027
0.06479
-0.07402
0.12590
-0.17624
-0.01916
0.09085
0.13297
0.10992
0.27463
0.10693
0.25219
0.31688
0.39615
0.45046
0.25932
0.23783
0.60122
0.51199
0.40463
0.70097
0.54706
0.69094
0.57159
0.82262
0.79554
0.56227
0.71365
0.67705
0.76402
0.48180
0.67536
0.71314
0.36586
0.42342
0.30697
0.50343
0.60382
0.67792
0.48447
0.64708
0.26032
0.19412
0.36288
0.38519
0.30340
0.02623
0.22955
0.04868
0.24973
0.17685
-0.01697
-0.00326
-0.10635
-0.02450
0.05997
-0.21038
-0.06869
-0.22938
-0.29681
-0.24962
-0.39519
-0.37051
-0.47973
-0.13080
-0.39146
-0.50723
-0.42348
-0.48675
-0.52203
-0.44210
-0.44315
-0.61384
-0.63324
-0.60887
-0.86155
-0.77427
-0.43322
-0.40228
-0.62962
-0.52823
-0.55540
-0.21626
-0.44204
-0.58013
-0.66559
-0.72768
-0.49235
-0.58734
-0.64510
-0.52799
-0.55438
-0.19466
-0.26226
-0.33850
-0.12811
-0.26336
-0.34187
-0.02066
-0.10289
-0.25548
-0.11679
-0.16160
-0.18480
0.13001
0.28565
-0.07387
0.19857
0.08948
0.14498
0.16743
0.16897
0.31152
0.23783
0.40051
0.39108
0.39592
0.34150
0.40522
0.58722
0.57687
0.41760
0.56285
0.65494
0.37606
0.65093
0.51323
0.66589
0.50814
0.38309
0.40194
0.59822
0.61648
0.46735
0.64077
0.35080
0.52612
0.37048
0.41730
0.47896
0.34590
0.37712
0.51645
0.29734
0.43627
0.16851
0.33454
0.40977
-0.09494
0.07012
0.19842
0.06772
0.09918
-0.05550
-0.01036
-0.07708
0.04432
-0.10232
-0.12886
-0.25464
-0.29876
-0.32623
-0.25999
-0.38962
-0.33477
-0.14948
-0.32139
-0.49077
-0.33144
-0.54660
-0.76229
-0.65673
-0.77617
-0.60759
-0.57470
-0.38496
-0.55380
-0.62388
-0.50026
-0.86494
-0.56878
-0.49964
-0.76233
-0.43808
-0.52287
-0.59926
-0.45725
-0.24235
-0.47263
-0.44232
-0.50302
-0.52390
-0.29464
-0.46780
-0.32583
-0.35977
-0.21180
-0.19501
-0.07538
-0.22513
-0.15971
-0.20768
-0.10608
0.03018
0.11348
-0.05038
0.20203
0.29737
0.22079
0.43220
0.14912
0.12664
0.09550
0.52018
0.44955
0.39326
0.46085
0.31783
0.77022
0.51419
0.53180
0.62369
0.61013
0.59291
0.48257
0.64311
0.81916
0.75921
0.79102
0.53819
0.47812
0.57675
0.59116
0.70610
0.35975
0.73221
0.51335
0.46264
0.37193
0.27236
0.54542
0.42938
0.23806
0.20816
0.29256
0.50110
0.23644
0.05293
0.16861
0.12939
-0.19814
0.08184
0.02317
0.09675
0.19735
0.07303
-0.13181
-0.26932
0.13582
-0.20165
-0.24203
-0.28057
-0.28679
-0.35953
-0.44135
-0.46696
-0.43251
-0.51933
-0.56341
-0.48696
-0.55021
-0.35696
-0.87126
-0.43568
-0.42841
-0.83573
-0.63472
-0.64249
-0.76878
-0.69280
-0.72994
-0.38126
-0.47176
-0.42166
-0.47558
-0.68338
-0.59438
-0.45416
-0.63896
-0.38421
-0.47422
-0.46421
-0.30611
-0.30876
-0.37460
-0.16006
-0.39563
-0.15766
-0.12515
-0.19744
-0.08450
-0.23663
0.06188
-0.03351
-0.03632
0.18991
0.01688
-0.03065
-0.01200
0.28324
0.09177
0.48992
0.06234
0.54733
0.39931
0.39113
0.36451
0.50325
0.47449
0.63317
0.53426
0.55632
0.51024
0.56045
0.61538
0.38210
0.43209
0.68726
0.62041
0.57730
0.59868
0.63292
0.51884
0.48030
0.58502
0.42972
0.57955
0.30759
0.61472
0.52531
0.47484
0.53580
0.58985
0.48229
0.10880
0.14400
0.18923
0.23296
0.25666
0.07139
0.14420
-0.00602
-0.02626
-0.15937
-0.13908
-0.22811
-0.22036
-0.01377
-0.29052
0.10360
-0.18794
-0.25884
-0.41678
-0.26127
-0.44454
-0.38949
-0.12400
-0.46811
-0.34223
-0.58619
-0.52569
-0.32661
-0.62983
-0.35040
-0.49401
-0.65520
-0.51825
-0.48151
-0.52532
-0.78771
-0.68352
-0.62059
-0.59210
-0.49866
-0.53953
-0.70659
-0.48406
-0.43765
-0.42296
-0.33772
-0.34277
-0.36142
-0.39698
-0.55837
-0.27657
-0.27098
-0.22992
-0.38129
-0.32248
-0.03028
-0.12469
-0.00098
-0.04184
-0.00398
0.14277
0.00586
0.11665
0.08657
0.12626
0.17695
0.27551
0.22523
0.46608
0.23949
0.35451
0.35276
0.60616
0.48139
0.60510
0.32458
0.55447
0.64669
0.56519
0.69636
0.51736
0.75720
0.87026
0.55482
0.54650
0.77360
0.78560
0.52781
0.53230
0.53877
0.39885
0.43533
0.40829
0.41779
0.48488
0.49433
0.62763
0.29536
0.50523
0.33186
0.32061
0.37524
0.12609
0.27223
0.21094
0.21393
0.15280
0.37552
-0.03317
-0.05806
-0.10684
-0.13631
-0.18346
-0.00119
-0.00974
-0.28430
-0.35046
-0.22778
-0.38326
-0.27243
-0.35405
-0.58881
-0.24813
-0.24351
-0.55593
-0.55039
-0.48904
-0.50062
-0.47700
-0.32787
-0.60115
-0.68424
-0.76017
-0.68621
-0.60396
-0.38374
-0.65795
-0.56336
-0.58424
-0.42941
-0.25627
-0.60848
-0.58663
-0.38363
-0.40612
-0.24343
-0.37022
-0.45691
-0.31479
-0.22298
-0.22650
-0.23174
-0.13111
-0.08427
-0.02332
-0.07517
-0.13630
-0.06141
0.10330
-0.10181
0.07819
0.02433
0.11228
0.29912
0.20493
0.22315
0.08910
0.37556
0.39605
0.60951
0.34293
0.43460
0.46505
0.64953
0.47208
0.53837
0.59722
0.56396
0.50316
0.59298
0.70924
0.46563
0.61085
0.51461
0.74340
0.41620
0.52854
0.63514
0.76967
0.56355
0.49220
0.76972
0.35324
0.24407
0.53965
0.40360
0.31646
0.49743
0.41348
0.28681
0.16974
0.39566
0.33544
0.21094
0.40898
0.02278
-0.06867
-0.00588
0.03412
0.03109
-0.06478
-0.03116
-0.26087
0.02572
-0.19365
-0.08525
-0.21287
-0.23285
-0.25182
-0.29772
-0.30419
-0.25018
-0.41284
-0.37636
-0.49540
-0.33309
-0.60635
-0.32627
-0.56225
-0.74198
-0.56550
-0.67090
-0.49426
-0.67707
-0.65354
-0.82562
-0.64965
-0.88039
-0.77141
-0.47962
-0.46383
-0.49213
-0.64213
-0.51265
-0.48618
-0.60165
-0.25731
-0.30577
-0.40929
-0.34975
-0.29678
-0.53432
-0.28537
-0.30292
-0.30578
-0.18309
0.10318
0.00163
-0.10625
0.06871
